      0
      3
      3
      1
      0
      0
  1.D-3
      3
      5
      4
      1
      0
      1
    100
      0
      1
      1
      1
      7
      4
      0
   1000
 1.D-20
      1
    100
      0
     30
      1
     70
      0
      0
      1
      3
  1.D-3
      0
      1
      0
      1
      0
      0
      1
      2
      3
      4
      0
      0
      0
    0.5
      5
      0
      0
      0
      0
      1
      1
      1
      0
      0
      0
      7
      4
      5
   1.D0
      0
      0
      0
  1.D-1
  1.D-3
   3.D0
  1.D-7
  316.0
    0.4
     0.
     0.
     1.
      0
      0
      0
      1
      0
      0
      0
     0.
     0.
     0.
     2.
     0.
  1.D12
     0.
  1.D13
   0.25
     21
