    3800.000    3804.380      1965.1      1965.1      1965.1      1965.1
    3804.380    3808.076      1355.9      1355.9      3321.0      3321.0
    3808.076    3811.870       987.9       987.9      4309.0      4309.0
    3811.870    3815.575      1270.8      1270.8      5579.8      5579.8
    3815.575    3819.446      1026.0      1026.0      6605.8      6605.8
    3819.446    3823.575      1376.2      1376.2      7982.0      7982.0
    3823.575    3827.638      1540.8      1540.8      9522.8      9522.8
    3827.638    3831.445      1834.0      1834.0     11356.8     11356.8
    3831.445    3835.077      2477.9      2477.9     13834.7     13834.7
    3835.077    3839.372      2923.1      2923.1     16757.8     16757.8
    3839.372    3843.564      1991.6      1991.6     18749.4     18749.4
    3843.564    3847.327      1341.2      1341.2     20090.6     20090.6
    3847.327    3851.163      1067.7      1067.7     21158.3     21158.3
    3851.163    3855.121       824.4       824.4     21982.6     21982.6
    3855.121    3859.514      1230.8      1230.8     23213.4     23213.4
    3859.514    3863.372       953.6       953.6     24167.1     24167.1
    3863.372    3866.989       764.5       764.5     24931.6     24931.6
    3866.989    3871.561       761.2       761.2     25692.8     25692.8
    3871.561    3875.078      1185.5      1185.5     26878.3     26878.3
    3875.078    3878.738      1302.4      1302.4     28180.7     28180.7
    3878.738    3883.016      1374.6      1374.6     29555.3     29555.3
    3883.016    3886.896      1989.8      1989.8     31545.1     31545.1
    3886.896    3890.751      2725.7      2725.7     34270.8     34270.8
    3890.751    3894.523      1996.2      1996.2     36267.0     36267.0
    3894.523    3898.356      1560.9      1560.9     37827.9     37827.9
    3898.356    3903.060      1425.5      1425.5     39253.4     39253.4
    3903.060    3907.288      1366.9      1366.9     40620.3     40620.3
    3907.288    3911.297       911.6       911.6     41531.9     41531.9
    3911.297    3915.269       887.5       887.5     42419.3     42419.3
    3915.269    3919.242      1047.3      1047.3     43466.7     43466.7
    3919.242    3923.403       759.6       759.6     44226.2     44226.2
    3923.403    3927.443      1083.1      1083.1     45309.4     45309.4
    3927.443    3931.136      1913.1      1913.1     47222.4     47222.4
    3931.136    3935.122      3393.6      3393.6     50616.0     50616.0
    3935.122    3938.686      2194.9      2194.9     52810.9     52810.9
    3938.686    3942.904      1367.5      1367.5     54178.4     54178.4
    3942.904    3947.178      1158.5      1158.5     55336.9     55336.9
    3947.178    3951.308      1104.8      1104.8     56441.7     56441.7
    3951.308    3955.214       849.4       849.4     57291.2     57291.2
    3955.214    3959.607      1400.5      1400.5     58691.7     58691.7
    3959.607    3964.169      1955.7      1955.7     60647.3     60647.3
    3964.169    3968.211      2784.9      2784.9     63432.2     63432.2
    3968.211    3972.353      3286.0      3286.0     66718.2     66718.2
    3972.353    3976.353      2055.9      2055.9     68774.2     68774.2
    3976.353    3980.506      1441.3      1441.3     70215.5     70215.5
    3980.506    3984.177      1119.1      1119.1     71334.6     71334.6
    3984.177    3988.515       921.3       921.3     72255.8     72255.8
    3988.515    3992.504       833.3       833.3     73089.1     73089.1
    3992.504    3996.788       747.6       747.6     73836.8     73836.8
    3996.788    4001.490       937.7       937.7     74774.5     74774.5
    4001.490    4006.156       903.9       903.9     75678.4     75678.4
    4006.156    4010.785       641.1       641.1     76319.5     76319.5
    4010.785    4014.761       691.8       691.8     77011.3     77011.3
    4014.761    4019.461       561.7       561.7     77573.0     77573.0
    4019.461    4023.719       672.6       672.6     78245.6     78245.6
    4023.719    4027.830       633.7       633.7     78879.3     78879.3
    4027.830    4031.727       692.6       692.6     79571.9     79571.9
    4031.727    4035.261       714.5       714.5     80286.5     80286.5
    4035.261    4039.673       407.3       407.3     80693.8     80693.8
    4039.673    4044.101       560.8       560.8     81254.6     81254.6
    4044.101    4048.283       714.0       714.0     81968.6     81968.6
    4048.283    4052.273       477.4       477.4     82446.0     82446.0
    4052.273    4056.566       890.1       890.1     83336.1     83336.1
    4056.566    4060.478       633.7       633.7     83969.8     83969.8
    4060.478    4065.083       770.3       770.3     84740.1     84740.1
    4065.083    4069.227       744.0       744.0     85484.1     85484.1
    4069.227    4073.999       808.0       808.0     86292.1     86292.1
    4073.999    4077.773       922.2       922.2     87214.3     87214.3
    4077.773    4082.555       978.0       978.0     88192.3     88192.3
    4082.555    4086.433       919.1       919.1     89111.4     89111.4
    4086.433    4091.038      1013.2      1013.2     90124.6     90124.6
    4091.038    4095.747      1375.9      1375.9     91500.5     91500.5
    4095.747    4099.761      1823.0      1823.0     93323.6     93323.6
    4099.761    4104.046      2826.9      2826.9     96150.5     96150.5
    4104.046    4108.725      1971.5      1971.5     98122.0     98122.0
    4108.725    4113.219      1436.5      1436.5     99558.5     99558.5
    4113.219    4118.141       901.7       901.7    100460.2    100460.2
    4118.141    4123.112      1060.2      1060.2    101520.4    101520.4
    4123.112    4127.364       687.1       687.1    102207.5    102207.5
    4127.364    4131.682       846.3       846.3    103053.8    103053.8
    4131.682    4136.226       849.3       849.3    103903.1    103903.1
    4136.226    4141.224       534.1       534.1    104437.2    104437.2
    4141.224    4145.487       591.4       591.4    105028.6    105028.6
    4145.487    4150.297       592.8       592.8    105621.4    105621.4
    4150.297    4154.626       594.9       594.9    106216.2    106216.2
    4154.626    4160.106       628.3       628.3    106844.5    106844.5
    4160.106    4164.830       457.7       457.7    107302.2    107302.2
    4164.830    4169.877       418.3       418.3    107720.5    107720.5
    4169.877    4174.013       846.4       846.4    108566.8    108566.8
    4174.013    4178.372       670.0       670.0    109236.8    109236.8
    4178.372    4182.758       673.2       673.2    109910.0    109910.0
    4182.758    4188.177       715.9       715.9    110625.9    110625.9
    4188.177    4193.441       418.2       418.2    111044.1    111044.1
    4193.441    4198.562       613.0       613.0    111657.2    111657.2
    4198.562    4203.416       775.0       775.0    112432.2    112432.2
    4203.416    4207.363       637.0       637.0    113069.1    113069.1
    4207.363    4212.503       362.5       362.5    113431.6    113431.6
    4212.503    4217.565       626.3       626.3    114057.9    114057.9
    4217.565    4222.489       450.2       450.2    114508.1    114508.1
    4222.489    4226.994       836.1       836.1    115344.2    115344.2
    4226.994    4232.122       395.3       395.3    115739.4    115739.4
    4232.122    4236.153       691.8       691.8    116431.3    116431.3
    4236.153    4240.457       570.1       570.1    117001.4    117001.4
    4240.457    4245.447       509.1       509.1    117510.5    117510.5
    4245.447    4250.488       841.0       841.0    118351.5    118351.5
    4250.488    4255.273       538.3       538.3    118889.8    118889.8
    4255.273    4259.997       462.3       462.3    119352.1    119352.1
    4259.997    4264.271       547.8       547.8    119899.9    119899.9
    4264.271    4269.212       374.0       374.0    120273.9    120273.9
    4269.212    4274.548       703.0       703.0    120976.9    120976.9
    4274.548    4279.346       528.9       528.9    121505.8    121505.8
    4279.346    4283.818       518.7       518.7    122024.6    122024.6
    4283.818    4288.663       642.2       642.2    122666.8    122666.8
    4288.663    4293.047       865.0       865.0    123531.8    123531.8
    4293.047    4298.037       690.3       690.3    124222.2    124222.2
    4298.037    4302.528      1142.5      1142.5    125364.7    125364.7
    4302.528    4307.176       800.7       800.7    126165.3    126165.3
    4307.176    4311.942       813.7       813.7    126979.1    126979.1
    4311.942    4317.578      1048.4      1048.4    128027.5    128027.5
    4317.578    4322.739       862.9       862.9    128890.4    128890.4
    4322.739    4327.028      1040.9      1040.9    129931.3    129931.3
    4327.028    4332.549      1333.8      1333.8    131265.1    131265.1
    4332.549    4337.773      1890.0      1890.0    133155.1    133155.1
    4337.773    4343.092      3265.8      3265.8    136420.9    136420.9
    4343.092    4348.188      1903.1      1903.1    138324.0    138324.0
    4348.188    4353.910      1561.8      1561.8    139885.8    139885.8
    4353.910    4359.364       945.6       945.6    140831.4    140831.4
    4359.364    4364.462       585.3       585.3    141416.7    141416.7
    4364.462    4369.073       488.9       488.9    141905.7    141905.7
    4369.073    4373.856       568.8       568.8    142474.4    142474.4
    4373.856    4378.489       754.4       754.4    143228.8    143228.8
    4378.489    4383.830       563.3       563.3    143792.1    143792.1
    4383.830    4389.250       848.2       848.2    144640.3    144640.3
    4389.250    4393.923       365.8       365.8    145006.1    145006.1
    4393.923    4400.143       713.4       713.4    145719.5    145719.5
    4400.143    4406.280       754.3       754.3    146473.8    146473.8
    4406.280    4411.062       484.6       484.6    146958.4    146958.4
    4411.062    4416.879       790.6       790.6    147749.0    147749.0
    4416.879    4422.357       457.6       457.6    148206.6    148206.6
    4422.357    4427.706       593.4       593.4    148800.0    148800.0
    4427.706    4432.431       515.8       515.8    149315.9    149315.9
    4432.431    4437.414       606.1       606.1    149922.0    149922.0
    4437.414    4443.175       482.6       482.6    150404.6    150404.6
    4443.175    4449.003       603.1       603.1    151007.8    151007.8
    4449.003    4454.442       563.5       563.5    151571.3    151571.3
    4454.442    4459.118       837.6       837.6    152408.9    152408.9
    4459.118    4464.450       609.3       609.3    153018.2    153018.2
    4464.450    4469.580       721.4       721.4    153739.5    153739.5
    4469.580    4474.985       346.4       346.4    154085.9    154085.9
    4474.985    4481.044       369.3       369.3    154455.2    154455.2
    4481.044    4486.701       688.2       688.2    155143.4    155143.4
    4486.701    4492.454       638.6       638.6    155782.0    155782.0
    4492.454    4497.928       450.7       450.7    156232.7    156232.7
    4497.928    4504.343       373.9       373.9    156606.6    156606.6
    4504.343    4510.880       236.9       236.9    156843.5    156843.5
    4510.880    4516.120       262.4       262.4    157105.9    157105.9
    4516.120    4522.796       529.7       529.7    157635.6    157635.6
    4522.796    4528.263       466.7       466.7    158102.2    158102.2
    4528.263    4533.806       583.7       583.7    158685.9    158685.9
    4533.806    4539.643       551.0       551.0    159236.9    159236.9
    4539.643    4544.677       337.5       337.5    159574.4    159574.4
    4544.677    4550.293       740.1       740.1    160314.5    160314.5
    4550.293    4556.460       613.1       613.1    160927.6    160927.6
    4556.460    4562.359       235.2       235.2    161162.8    161162.8
    4562.359    4568.374       367.3       367.3    161530.1    161530.1
    4568.374    4574.860       337.2       337.2    161867.4    161867.4
    4574.860    4580.590       352.6       352.6    162219.9    162219.9
    4580.590    4586.436       636.3       636.3    162856.3    162856.3
    4586.436    4592.935       519.8       519.8    163376.0    163376.0
    4592.935    4598.733       290.6       290.6    163666.6    163666.6
    4598.733    4604.851       357.3       357.3    164023.9    164023.9
    4604.851    4611.479       326.4       326.4    164350.3    164350.3
    4611.479    4618.240       322.4       322.4    164672.7    164672.7
    4618.240    4624.260       330.1       330.1    165002.7    165002.7
    4624.260    4630.266       427.7       427.7    165430.5    165430.5
    4630.266    4637.067       293.3       293.3    165723.8    165723.8
    4637.067    4643.554       269.7       269.7    165993.5    165993.5
    4643.554    4651.119       349.6       349.6    166343.1    166343.1
    4651.119    4657.487       474.4       474.4    166817.5    166817.5
    4657.487    4664.430       158.1       158.1    166975.6    166975.6
    4664.430    4669.965       428.8       428.8    167404.3    167404.3
    4669.965    4676.879       388.0       388.0    167792.3    167792.3
    4676.879    4683.843       267.5       267.5    168059.8    168059.8
    4683.843    4690.683       191.9       191.9    168251.7    168251.7
    4690.683    4698.210       208.6       208.6    168460.3    168460.3
    4698.210    4704.527       496.3       496.3    168956.6    168956.6
    4704.527    4710.767       474.2       474.2    169430.8    169430.8
    4710.767    4717.469       264.6       264.6    169695.4    169695.4
    4717.469    4724.002       265.7       265.7    169961.1    169961.1
    4724.002    4730.248       288.1       288.1    170249.3    170249.3
    4730.248    4737.135       447.8       447.8    170697.1    170697.1
    4737.135    4743.096       312.2       312.2    171009.3    171009.3
    4743.096    4750.445       256.6       256.6    171266.0    171266.0
    4750.445    4756.979       303.7       303.7    171569.6    171569.6
    4756.979    4763.445       337.4       337.4    171907.1    171907.1
    4763.445    4770.016       423.7       423.7    172330.8    172330.8
    4770.016    4776.764       238.1       238.1    172568.8    172568.8
    4776.764    4784.105       266.8       266.8    172835.6    172835.6
    4784.105    4791.070       377.0       377.0    173212.6    173212.6
    4791.070    4797.613       194.0       194.0    173406.6    173406.6
    4797.613    4804.556       323.3       323.3    173729.9    173729.9
    4804.556    4811.814       385.0       385.0    174114.8    174114.8
    4811.814    4817.841       308.1       308.1    174422.9    174422.9
    4817.841    4824.278       469.2       469.2    174892.1    174892.1
    4824.278    4831.477       432.0       432.0    175324.2    175324.2
    4831.477    4838.715       576.1       576.1    175900.3    175900.3
    4838.715    4844.922       756.9       756.9    176657.3    176657.3
    4844.922    4851.641      1205.7      1205.7    177863.0    177863.0
    4851.641    4859.073      2317.6      2317.6    180180.5    180180.5
    4859.073    4866.193      3667.5      3667.5    183848.1    183848.1
    4866.193    4873.438      1943.1      1943.1    185791.1    185791.1
    4873.438    4880.548      1161.6      1161.6    186952.7    186952.7
    4880.548    4887.366       896.1       896.1    187848.8    187848.8
    4887.366    4894.432       741.4       741.4    188590.3    188590.3
    4894.432    4902.204       350.6       350.6    188940.8    188940.8
    4902.204    4908.935       359.5       359.5    189300.3    189300.3
    4908.935    4916.499       514.6       514.6    189814.9    189814.9
    4916.499    4923.713       641.6       641.6    190456.5    190456.5
    4923.713    4931.699       444.3       444.3    190900.8    190900.8
    4931.699    4939.162       579.2       579.2    191480.0    191480.0
    4939.162    4946.308       236.9       236.9    191717.0    191717.0
    4946.308    4953.200       267.8       267.8    191984.8    191984.8
    4953.200    4961.463       413.2       413.2    192398.0    192398.0
    4961.463    4968.639       298.5       298.5    192696.5    192696.5
    4968.639    4976.590       249.7       249.7    192946.2    192946.2
    4976.590    4983.340       622.8       622.8    193568.9    193568.9
    4983.340    4990.452       439.0       439.0    194008.0    194008.0
    4990.452    4997.098       405.3       405.3    194413.3    194413.3
    4997.098    5004.690       502.3       502.3    194915.6    194915.6
    5004.690    5011.768       531.7       531.7    195447.3    195447.3
    5011.768    5018.167       647.7       647.7    196095.0    196095.0
    5018.167    5023.559       595.0       595.0    196690.0    196690.0
    5023.559    5030.555       278.0       278.0    196968.0    196968.0
    5030.555    5037.706       470.2       470.2    197438.2    197438.2
    5037.706    5043.583       672.7       672.7    198110.9    198110.9
    5043.583    5050.880       272.0       272.0    198382.9    198382.9
    5050.880    5058.653       353.0       353.0    198735.8    198735.8
    5058.653    5066.191       209.6       209.6    198945.4    198945.4
    5066.191    5073.562       331.5       331.5    199277.0    199277.0
    5073.562    5080.384       447.9       447.9    199724.9    199724.9
    5080.384    5087.215       509.1       509.1    200234.0    200234.0
    5087.215    5094.832       209.8       209.8    200443.8    200443.8
    5094.832    5101.001       438.1       438.1    200881.9    200881.9
    5101.001    5108.096       271.8       271.8    201153.7    201153.7
    5108.096    5115.638       252.6       252.6    201406.3    201406.3
    5115.638    5123.257       178.3       178.3    201584.6    201584.6
    5123.257    5129.990       541.7       541.7    202126.3    202126.3
    5129.990    5138.240       395.4       395.4    202521.7    202521.7
    5138.240    5145.727       622.5       622.5    203144.2    203144.2
    5145.727    5152.606       484.1       484.1    203628.3    203628.3
    5152.606    5159.583       345.8       345.8    203974.2    203974.2
    5159.583    5166.281       361.0       361.0    204335.1    204335.1
    5166.281    5173.766      1337.0      1337.0    205672.2    205672.2
    5173.766    5181.424       145.5       145.5    205817.7    205817.7
    5181.424    5189.065       922.3       922.3    206740.0    206740.0
    5189.065    5195.468       492.9       492.9    207232.9    207232.9
    5195.468    5203.208       559.7       559.7    207792.6    207792.6
    5203.208    5210.865       667.1       667.1    208459.6    208459.6
    5210.865    5217.932       406.2       406.2    208865.8    208865.8
    5217.932    5224.926       159.1       159.1    209024.9    209024.9
    5224.926    5231.428       595.5       595.5    209620.4    209620.4
    5231.428    5238.709       556.8       556.8    210177.2    210177.2
    5238.709    5246.622       341.5       341.5    210518.7    210518.7
    5246.622    5254.084       300.4       300.4    210819.1    210819.1
    5254.084    5261.490       416.7       416.7    211235.8    211235.8
    5261.490    5267.030       802.8       802.8    212038.6    212038.6
    5267.030    5274.716       704.1       704.1    212742.7    212742.7
    5274.716    5281.493       479.7       479.7    213222.4    213222.4
    5281.493    5288.695       403.2       403.2    213625.6    213625.6
    5288.695    5296.525        80.0        80.0    213705.6    213705.6
    5296.525    5302.566       423.9       423.9    214129.5    214129.5
    5302.566    5309.864       218.1       218.1    214347.6    214347.6
    5309.864    5317.514       367.8       367.8    214715.4    214715.4
    5317.514    5324.509       296.6       296.6    215012.0    215012.0
    5324.509    5331.865       646.0       646.0    215658.1    215658.1
    5331.865    5339.550       668.4       668.4    216326.5    216326.5
    5339.550    5347.190       440.6       440.6    216767.0    216767.0
    5347.190    5354.249       217.2       217.2    216984.2    216984.2
    5354.249    5362.774       108.1       108.1    217092.3    217092.3
    5362.774    5370.699       501.9       501.9    217594.2    217594.2
    5370.699    5378.893       280.6       280.6    217874.8    217874.8
    5378.893    5386.466       348.5       348.5    218223.2    218223.2
    5386.466    5393.536       263.2       263.2    218486.4    218486.4
    5393.536    5400.917       409.0       409.0    218895.4    218895.4
    5400.917    5408.725       545.7       545.7    219441.1    219441.1
    5408.725    5416.503       516.0       516.0    219957.2    219957.2
    5416.503    5425.149       360.1       360.1    220317.2    220317.2
    5425.149    5433.048       397.0       397.0    220714.3    220714.3
    5433.048    5441.706       213.0       213.0    220927.2    220927.2
    5441.706    5448.699       284.2       284.2    221211.5    221211.5
    5448.699    5455.946       291.0       291.0    221502.5    221502.5
    5455.946    5464.554       214.6       214.6    221717.0    221717.0
    5464.554    5472.701       132.1       132.1    221849.1    221849.1
    5472.701    5480.602       391.1       391.1    222240.2    222240.2
    5480.602    5488.362       271.9       271.9    222512.2    222512.2
    5488.362    5496.022       316.7       316.7    222828.9    222828.9
    5496.022    5504.434       316.4       316.4    223145.3    223145.3
    5504.434    5511.624       255.2       255.2    223400.4    223400.4
    5511.624    5520.066       220.4       220.4    223620.8    223620.8
    5520.066    5528.823       454.7       454.7    224075.5    224075.5
    5528.823    5536.367       231.8       231.8    224307.3    224307.3
    5536.367    5544.611       104.9       104.9    224412.2    224412.2
    5544.611    5552.504       194.5       194.5    224606.7    224606.7
    5552.504    5559.860       172.7       172.7    224779.5    224779.5
    5559.860    5568.409       295.6       295.6    225075.1    225075.1
    5568.409    5576.846       367.0       367.0    225442.0    225442.0
    5576.846    5585.546       145.3       145.3    225587.4    225587.4
    5585.546    5593.733       459.9       459.9    226047.3    226047.3
    5593.733    5602.860       460.7       460.7    226508.1    226508.1
    5602.860    5611.960       120.6       120.6    226628.7    226628.7
    5611.960    5620.613       294.7       294.7    226923.4    226923.4
    5620.613    5628.621       191.0       191.0    227114.4    227114.4
    5628.621    5637.991        98.0        98.0    227212.5    227212.5
    5637.991    5646.167       288.4       288.4    227500.8    227500.8
    5646.167    5654.354        84.4        84.4    227585.2    227585.2
    5654.354    5662.913       780.5       780.5    228365.8    228365.8
    5662.913    5671.887       441.7       441.7    228807.5    228807.5
    5671.887    5681.319       108.3       108.3    228915.8    228915.8
    5681.319    5691.082       465.9       465.9    229381.7    229381.7
    5691.082    5700.237       136.6       136.6    229518.2    229518.2
    5700.237    5708.558       274.3       274.3    229792.5    229792.5
    5708.558    5717.677       322.7       322.7    230115.3    230115.3
    5717.677    5727.480        80.9        80.9    230196.2    230196.2
    5727.480    5737.766        53.6        53.6    230249.8    230249.8
    5737.766    5746.798        44.2        44.2    230294.0    230294.0
    5746.798    5755.174       277.1       277.1    230571.1    230571.1
    5755.174    5764.732       138.5       138.5    230709.6    230709.6
    5764.732    5774.212        78.9        78.9    230788.5    230788.5
    5774.212    5782.935       116.4       116.4    230904.9    230904.9
    5782.935    5791.298       181.2       181.2    231086.1    231086.1
    5791.298    5799.364       123.6       123.6    231209.7    231209.7
    5799.364    5808.403       122.5       122.5    231332.2    231332.2
    5808.403    5816.753       120.5       120.5    231452.7    231452.7
    5816.753    5826.435        33.5        33.5    231486.2    231486.2
    5826.435    5835.657        68.3        68.3    231554.5    231554.5
    5835.657    5845.489        22.2        22.2    231576.7    231576.7
    5845.489    5855.182       151.7       151.7    231728.4    231728.4
    5855.182    5864.963       281.2       281.2    232009.6    232009.6
    5864.963    5875.170        81.5        81.5    232091.1    232091.1
    5875.170    5883.973        67.9        67.9    232159.0    232159.0
    5883.973    5893.037       378.6       378.6    232537.6    232537.6
    5893.037    5903.110       280.7       280.7    232818.3    232818.3
    5903.110    5912.672        67.9        67.9    232886.1    232886.1
    5912.672    5921.916       139.0       139.0    233025.1    233025.1
    5921.916    5931.133       124.0       124.0    233149.1    233149.1
    5931.133    5941.275        65.7        65.7    233214.8    233214.8
    5941.275    5950.381        91.4        91.4    233306.3    233306.3
    5950.381    5960.124        88.6        88.6    233394.8    233394.8
    5960.124    5969.079        32.8        32.8    233427.7    233427.7
    5969.079    5978.594       120.5       120.5    233548.1    233548.1
    5978.594    5988.643       130.5       130.5    233678.6    233678.6
    5988.643    5997.139        84.0        84.0    233762.6    233762.6
    5997.139    6006.539       104.9       104.9    233867.5    233867.5
    6006.539    6015.838       232.4       232.4    234099.9    234099.9
    6015.838    6025.914       281.0       281.0    234380.9    234380.9
    6025.914    6036.157       119.4       119.4    234500.3    234500.3
    6036.157    6045.465        41.6        41.6    234541.9    234541.9
    6045.465    6054.810        90.8        90.8    234632.7    234632.7
    6054.810    6065.546       147.7       147.7    234780.5    234780.5
    6065.546    6075.898        32.4        32.4    234812.9    234812.9
    6075.898    6085.354       143.3       143.3    234956.1    234956.1
    6085.354    6094.679        90.3        90.3    235046.4    235046.4
    6094.679    6103.583       195.7       195.7    235242.1    235242.1
    6103.583    6113.134       128.9       128.9    235371.1    235371.1
    6113.134    6122.542       208.9       208.9    235580.0    235580.0
    6122.542    6131.852       234.9       234.9    235814.9    235814.9
    6131.852    6141.792       384.6       384.6    236199.4    236199.4
    6141.792    6152.099       308.2       308.2    236507.6    236507.6
    6152.099    6161.031       285.4       285.4    236793.0    236793.0
    6161.031    6170.600       560.0       560.0    237353.0    237353.0
    6170.600    6180.406       198.7       198.7    237551.7    237551.7
    6180.406    6191.067        39.5        39.5    237591.2    237591.2
    6191.067    6201.796       180.4       180.4    237771.6    237771.6
    6201.796    6213.171        33.8        33.8    237805.4    237805.4
    6213.171    6222.537       189.7       189.7    237995.1    237995.1
    6222.537    6232.554       174.2       174.2    238169.3    238169.3
    6232.554    6242.297       299.6       299.6    238468.9    238468.9
    6242.297    6252.755       551.7       551.7    239020.6    239020.6
    6252.755    6262.498       236.6       236.6    239257.2    239257.2
    6262.498    6272.812        89.3        89.3    239346.5    239346.5
    6272.812    6283.558       162.1       162.1    239508.5    239508.5
    6283.558    6294.653        41.6        41.6    239550.2    239550.2
    6294.653    6304.954       271.5       271.5    239821.7    239821.7
    6304.954    6315.364       245.2       245.2    240066.9    240066.9
    6315.364    6325.070       397.3       397.3    240464.1    240464.1
    6325.070    6336.450       118.5       118.5    240582.7    240582.7
    6336.450    6347.282       425.7       425.7    241008.4    241008.4
    6347.282    6357.675       113.2       113.2    241121.6    241121.6
    6357.675    6368.620       305.4       305.4    241427.0    241427.0
    6368.620    6379.385       178.5       178.5    241605.5    241605.5
    6379.385    6390.077        93.7        93.7    241699.2    241699.2
    6390.077    6400.772       257.7       257.7    241956.8    241956.8
    6400.772    6411.445       121.4       121.4    242078.2    242078.2
    6411.445    6421.422       342.3       342.3    242420.5    242420.5
    6421.422    6432.289       131.2       131.2    242551.6    242551.6
    6432.289    6443.317       263.9       263.9    242815.5    242815.5
    6443.317    6453.921       146.6       146.6    242962.2    242962.2
    6453.921    6464.961       384.2       384.2    243346.3    243346.3
    6464.961    6476.060       195.3       195.3    243541.6    243541.6
    6476.060    6487.339        98.4        98.4    243640.0    243640.0
    6487.339    6498.757       551.2       551.2    244191.1    244191.1
    6498.757    6510.327       246.1       246.1    244437.2    244437.2
    6510.327    6521.488       295.5       295.5    244732.7    244732.7
    6521.488    6532.669       307.9       307.9    245040.6    245040.6
    6532.669    6543.395       556.2       556.2    245596.8    245596.8
    6543.395    6554.224      1134.0      1134.0    246730.8    246730.8
    6554.224    6565.550      3679.8      3679.8    250410.6    250410.6
    6565.550    6577.053      1932.3      1932.3    252343.0    252343.0
    6577.053    6588.365       750.7       750.7    253093.7    253093.7
    6588.365    6599.577       486.2       486.2    253579.9    253579.9
    6599.577    6610.375       343.9       343.9    253923.8    253923.8
    6610.375    6621.293       135.9       135.9    254059.7    254059.7
    6621.293    6632.761       114.2       114.2    254173.8    254173.8
    6632.761    6643.851       176.0       176.0    254349.8    254349.8
    6643.851    6654.973        63.1        63.1    254412.9    254412.9
    6654.973    6666.491       172.0       172.0    254584.9    254584.9
    6666.491    6677.759        64.1        64.1    254649.1    254649.1
    6677.759    6688.147       150.9       150.9    254799.9    254799.9
    6688.147    6699.515        88.2        88.2    254888.2    254888.2
    6699.515    6710.900        38.9        38.9    254927.1    254927.1
    6710.900    6721.848       164.6       164.6    255091.6    255091.6
    6721.848    6733.519       100.9       100.9    255192.5    255192.5
    6733.519    6744.575        82.2        82.2    255274.7    255274.7
    6744.575    6756.069       137.8       137.8    255412.5    255412.5
    6756.069    6767.642       126.1       126.1    255538.6    255538.6
    6767.642    6779.310        92.6        92.6    255631.2    255631.2
    6779.310    6789.892        83.2        83.2    255714.4    255714.4
    6789.892    6801.145        74.0        74.0    255788.4    255788.4
    6801.145    6813.124        45.5        45.5    255833.9    255833.9
    6813.124    6824.715        53.0        53.0    255886.9    255886.9
    6824.715    6836.871       114.7       114.7    256001.6    256001.6
    6836.871    6848.256       126.5       126.5    256128.1    256128.1
    6848.256    6859.370       141.7       141.7    256269.8    256269.8
    6859.370    6870.153        61.1        61.1    256330.9    256330.9
    6870.153    6882.007        27.7        27.7    256358.6    256358.6
    6882.007    6894.012        69.7        69.7    256428.3    256428.3
    6894.012    6906.074        40.5        40.5    256468.8    256468.8
    6906.074    6917.523       109.3       109.3    256578.1    256578.1
    6917.523    6929.529        97.9        97.9    256676.0    256676.0
    6929.529    6940.684        52.7        52.7    256728.7    256728.7
    6940.684    6952.672        87.6        87.6    256816.3    256816.3
    6952.672    6964.694        66.6        66.6    256882.8    256882.8
    6964.694    6976.721        73.0        73.0    256955.8    256955.8
    6976.721    6987.879       109.4       109.4    257065.3    257065.3
    6987.879    7000.090        82.1        82.1    257147.4    257147.4
    7000.090    7011.357       131.0       131.0    257278.4    257278.4
    7011.357    7023.264       247.3       247.3    257525.7    257525.7
    7023.264    7035.130       112.0       112.0    257637.7    257637.7
    7035.130    7047.506        66.3        66.3    257704.0    257704.0
    7047.506    7060.118        50.2        50.2    257754.2    257754.2
    7060.118    7071.854       108.6       108.6    257862.8    257862.8
    7071.854    7084.082        37.1        37.1    257899.9    257899.9
    7084.082    7095.709       108.5       108.5    258008.4    258008.4
    7095.709    7107.233        52.1        52.1    258060.5    258060.5
    7107.233    7118.676       385.3       385.3    258445.9    258445.9
    7118.676    7130.692       163.9       163.9    258609.8    258609.8
    7130.692    7142.503       123.5       123.5    258733.3    258733.3
    7142.503    7154.672       166.8       166.8    258900.1    258900.1
    7154.672    7166.541       239.2       239.2    259139.3    259139.3
    7166.541    7178.360        64.5        64.5    259203.8    259203.8
    7178.360    7190.124       250.0       250.0    259453.8    259453.8
    7190.124    7202.089       135.9       135.9    259589.7    259589.7
    7202.089    7213.884       233.9       233.9    259823.6    259823.6
    7213.884    7225.719       235.7       235.7    260059.3    260059.3
    7225.719    7238.723        96.1        96.1    260155.4    260155.4
    7238.723    7250.234       157.8       157.8    260313.2    260313.2
    7250.234    7262.141       152.2       152.2    260465.4    260465.4
    7262.141    7273.995        43.9        43.9    260509.3    260509.3
    7273.995    7286.343       147.3       147.3    260656.7    260656.7
    7286.343    7298.250       274.9       274.9    260931.5    260931.5
    7298.250    7310.592       196.7       196.7    261128.2    261128.2
    7310.592    7323.131       131.8       131.8    261260.1    261260.1
    7323.131    7335.405       173.9       173.9    261434.0    261434.0
    7335.405    7348.076        39.5        39.5    261473.5    261473.5
    7348.076    7360.433       125.4       125.4    261598.9    261598.9
    7360.433    7373.004       102.9       102.9    261701.7    261701.7
    7373.004    7385.624        69.3        69.3    261771.0    261771.0
    7385.624    7397.880       262.2       262.2    262033.2    262033.2
    7397.880    7410.935       248.7       248.7    262281.9    262281.9
    7410.935    7423.183       324.5       324.5    262606.4    262606.4
    7423.183    7435.823       174.7       174.7    262781.1    262781.1
    7435.823    7448.367       216.5       216.5    262997.6    262997.6
    7448.367    7461.521        83.4        83.4    263081.0    263081.0
    7461.521    7474.442       196.4       196.4    263277.3    263277.3
    7474.442    7486.481       235.4       235.4    263512.8    263512.8
    7486.481    7496.636       148.7       148.7    263661.5    263661.5
