  4300.00015    1.21097E+06
  4304.69965    1.20983E+06
  4308.37715    1.20893E+06
  4312.90365    1.20783E+06
  4318.18815    1.20654E+06
  4322.82415    1.20540E+06
  4326.75215    1.20444E+06
  4332.10515    1.20313E+06
  4337.64615    1.20177E+06
  4342.46015    1.20079E+06
  4347.54765    1.19953E+06
  4352.80065    1.19823E+06
  4358.47565    1.19682E+06
  4362.95215    1.19571E+06
  4367.90115    1.19449E+06
  4371.56815    1.19357E+06
  4376.35915    1.19238E+06
  4381.08415    1.19121E+06
  4385.71165    1.19005E+06
  4390.72382    1.18880E+06
  4395.22816    1.18768E+06
  4401.38516    1.18614E+06
  4407.26516    1.18467E+06
  4411.94316    1.18350E+06
  4417.27316    1.18216E+06
  4422.45116    1.18086E+06
  4427.48316    1.17960E+06
  4432.15366    1.17842E+06
  4436.92116    1.17722E+06
  4442.44666    1.17583E+06
  4447.80216    1.17448E+06
  4453.07716    1.17315E+06
  4457.65916    1.17200E+06
  4462.14816    1.17086E+06
  4466.85216    1.16967E+06
  4472.18516    1.16832E+06
  4477.27616    1.16704E+06
  4482.62366    1.16568E+06
  4488.11366    1.16429E+06
  4493.38766    1.16295E+06
  4498.53316    1.16164E+06
  4504.89916    1.16006E+06
  4510.87966    1.15858E+06
  4516.07516    1.15729E+06
  4522.37016    1.15572E+06
  4527.30516    1.15450E+06
  4532.48816    1.15321E+06
  4538.00183    1.15184E+06
  4542.61616    1.15069E+06
  4548.34649    1.14926E+06
  4554.02916    1.14784E+06
  4559.41216    1.14649E+06
  4565.11966    1.14507E+06
  4571.34816    1.14351E+06
  4577.56816    1.14195E+06
  4582.26416    1.14077E+06
  4587.98091    1.13934E+06
  4594.19416    1.13778E+06
  4599.65596    1.13641E+06
  4605.35766    1.13497E+06
  4612.01816    1.13330E+06
  4618.51836    1.13166E+06
  4625.17491    1.12999E+06
  4630.55716    1.12863E+06
  4636.74116    1.12707E+06
  4643.25016    1.12543E+06
  4649.88483    1.12376E+06
  4656.77216    1.12202E+06
  4663.73316    1.12026E+06
  4668.98416    1.11893E+06
  4675.98629    1.11716E+06
  4682.34817    1.11555E+06
  4689.29431    1.11379E+06
  4696.90917    1.11186E+06
  4703.17317    1.11028E+06
  4709.49717    1.10867E+06
  4716.24517    1.10696E+06
  4722.62817    1.10534E+06
  4728.62817    1.10382E+06
  4734.97683    1.10221E+06
  4741.09417    1.10066E+06
  4747.40577    1.09906E+06
  4754.04017    1.09740E+06
  4760.11867    1.09589E+06
  4766.36367    1.09434E+06
  4773.27767    1.09263E+06
  4780.44467    1.09085E+06
  4787.23317    1.08917E+06
  4792.99817    1.08774E+06
  4799.94367    1.08601E+06
  4807.05017    1.08425E+06
  4813.87050    1.08256E+06
  4820.00977    1.08103E+06
  4826.74967    1.07935E+06
  4833.10967    1.07777E+06
  4839.99817    1.07606E+06
  4845.66617    1.07465E+06
  4851.64117    1.07316E+06
  4859.11917    1.07130E+06
  4866.18017    1.06955E+06
  4872.48817    1.06798E+06
  4879.34184    1.06627E+06
  4886.23917    1.06455E+06
  4891.97617    1.06313E+06
  4900.05117    1.06112E+06
  4907.30277    1.05931E+06
  4914.53703    1.05751E+06
  4921.72717    1.05572E+06
  4929.32817    1.05383E+06
  4936.65737    1.05200E+06
  4943.70117    1.05025E+06
  4950.54367    1.04854E+06
  4957.43367    1.04683E+06
  4965.27584    1.04488E+06
  4972.17968    1.04316E+06
  4978.77218    1.04152E+06
  4986.30518    1.03964E+06
  4991.98678    1.03823E+06
  4999.58758    1.03634E+06
  5006.84118    1.03457E+06
  5014.18518    1.03279E+06
  5020.01518    1.03137E+06
  5026.72468    1.02973E+06
  5033.12484    1.02818E+06
  5040.21218    1.02645E+06
  5047.29018    1.02473E+06
  5054.64218    1.02294E+06
  5062.91818    1.02093E+06
  5069.73368    1.01928E+06
  5077.28218    1.01744E+06
  5085.31518    1.01549E+06
  5091.54118    1.01398E+06
  5098.62768    1.01226E+06
  5105.53718    1.01058E+06
  5112.92668    1.00879E+06
  5120.65818    1.00691E+06
  5126.87768    1.00540E+06
  5135.22963    1.00338E+06
  5143.48518    1.00138E+06
  5150.33968    9.99714E+05
  5157.99468    9.97860E+05
  5165.14218    9.96129E+05
  5172.28518    9.94400E+05
  5180.11618    9.92505E+05
  5188.06018    9.90584E+05
  5195.18718    9.88861E+05
  5203.20818    9.86922E+05
  5210.85018    9.85077E+05
  5217.93218    9.83367E+05
  5224.95118    9.81673E+05
  5231.99133    9.79975E+05
  5239.34152    9.78204E+05
  5247.38285    9.76266E+05
  5254.96269    9.74464E+05
  5262.46069    9.72694E+05
  5268.61519    9.71242E+05
  5275.93685    9.69515E+05
  5283.12119    9.67821E+05
  5290.61700    9.66054E+05
  5298.14669    9.64280E+05
  5304.89269    9.62692E+05
  5313.25769    9.60723E+05
  5321.08919    9.58881E+05
  5328.20769    9.57208E+05
  5335.06669    9.55596E+05
  5343.37819    9.53644E+05
  5350.41469    9.51993E+05
  5359.10219    9.49955E+05
  5367.91219    9.47891E+05
  5376.45259    9.45890E+05
  5385.05119    9.43878E+05
  5392.16119    9.42215E+05
  5400.50219    9.40266E+05
  5407.95086    9.38526E+05
  5415.89219    9.36673E+05
  5424.81119    9.34593E+05
  5432.45419    9.32812E+05
  5440.89286    9.30848E+05
  5447.80569    9.29239E+05
  5455.87919    9.27363E+05
  5464.65248    9.25325E+05
  5472.71019    9.23455E+05
  5481.03819    9.21524E+05
  5488.91619    9.19700E+05
  5497.12586    9.17800E+05
  5505.86569    9.15808E+05
  5513.29569    9.14129E+05
  5522.15448    9.12129E+05
  5531.14770    9.10100E+05
  5539.22020    9.08280E+05
  5546.87220    9.06556E+05
  5554.60000    9.04817E+05
  5562.79545    9.02974E+05
  5571.45920    9.01027E+05
  5580.20960    8.99062E+05
  5588.65200    8.97168E+05
  5597.89570    8.95097E+05
  5606.80277    8.93103E+05
  5615.99620    8.91047E+05
  5624.56920    8.89131E+05
  5634.25070    8.86970E+05
  5642.74920    8.85076E+05
  5651.82970    8.83053E+05
  5660.59070    8.81104E+05
  5669.64020    8.79093E+05
  5679.22945    8.76965E+05
  5689.17980    8.74759E+05
  5699.12720    8.72556E+05
  5707.17620    8.70776E+05
  5715.80320    8.68869E+05
  5725.45320    8.66740E+05
  5735.72170    8.64476E+05
  5744.88545    8.62459E+05
  5753.62320    8.60553E+05
  5762.98370    8.58533E+05
  5772.97040    8.56382E+05
  5781.30520    8.54588E+05
  5789.56080    8.52813E+05
  5797.92120    8.51017E+05
  5807.31220    8.49003E+05
  5816.06421    8.47128E+05
  5826.05421    8.44990E+05
  5835.53021    8.42965E+05
  5845.29571    8.40880E+05
  5854.79154    8.38856E+05
  5865.10721    8.36660E+05
  5875.37644    8.34478E+05
  5884.12371    8.32621E+05
  5893.43249    8.30648E+05
  5904.07521    8.28395E+05
  5913.77971    8.26344E+05
  5923.19098    8.24357E+05
  5933.02148    8.22286E+05
  5942.88671    8.20210E+05
  5952.88921    8.18108E+05
  5963.14571    8.15956E+05
  5972.71346    8.13952E+05
  5982.77221    8.11849E+05
  5992.46621    8.09824E+05
  6001.12121    8.08025E+05
  6010.98507    8.06012E+05
  6020.48950    8.04076E+05
  6031.27021    8.01882E+05
  6041.64964    7.99774E+05
  6051.27507    7.97822E+05
  6062.40871    7.95567E+05
  6072.44621    7.93537E+05
  6082.89071    7.91429E+05
  6092.57846    7.89476E+05
  6102.26222    7.87528E+05
  6112.03722    7.85563E+05
  6121.80372    7.83604E+05
  6131.95782    7.81570E+05
  6142.20422    7.79521E+05
  6152.47822    7.77470E+05
  6161.40672    7.75690E+05
  6171.75322    7.73631E+05
  6181.57350    7.71680E+05
  6193.10182    7.69394E+05
  6203.93145    7.67251E+05
  6215.19272    7.65026E+05
  6225.54422    7.62985E+05
  6236.56882    7.60815E+05
  6247.31122    7.58705E+05
  6257.38102    7.56757E+05
  6267.57722    7.54798E+05
  6278.07922    7.52784E+05
  6289.72749    7.50553E+05
  6300.69822    7.48457E+05
  6310.62579    7.46563E+05
  6321.16322    7.44556E+05
  6332.26222    7.42446E+05
  6343.71680    7.40273E+05
  6355.21072    7.38096E+05
  6365.75394    7.36104E+05
  6377.23238    7.33938E+05
  6388.08492    7.31895E+05
  6399.48223    7.29754E+05
  6411.21989    7.27553E+05
  6421.80856    7.25572E+05
  6433.45723    7.23397E+05
  6445.33154    7.21185E+05
  6456.38323    7.19130E+05
  6467.28173    7.17108E+05
  6478.93623    7.14950E+05
  6491.35123    7.12656E+05
  6502.35976    7.10635E+05
  6513.75623    7.08574E+05
  6524.93080    7.06558E+05
  6536.69423    7.04439E+05
  6548.37923    7.02340E+05
  6559.76323    7.00298E+05
  6571.93523    6.98120E+05
  6583.58823    6.96040E+05
  6595.32323    6.93949E+05
  6606.62190    6.91941E+05
  6618.57023    6.89821E+05
  6630.71495    6.87672E+05
  6642.19646    6.85645E+05
  6653.61823    6.83632E+05
  6665.59257    6.81527E+05
  6677.24674    6.79483E+05
  6688.14652    6.77576E+05
  6700.00024    6.75506E+05
