    4300.000    4304.700      1269.8      1269.8      1269.8      1269.8
    4304.700    4308.377      1255.1      1255.1      2524.9      2524.9
    4308.377    4312.904       787.6       787.6      3312.5      3312.5
    4312.904    4318.188       974.0       974.0      4286.5      4286.5
    4318.188    4322.824       826.6       826.6      5113.1      5113.1
    4322.824    4326.752      1163.5      1163.5      6276.6      6276.6
    4326.752    4332.105       970.5       970.5      7247.1      7247.1
    4332.105    4337.646      1192.4      1192.4      8439.5      8439.5
    4337.646    4342.460      2406.6      2406.6     10846.1     10846.1
    4342.460    4347.548      1340.3      1340.3     12186.4     12186.4
    4347.548    4352.801      1209.8      1209.8     13396.2     13396.2
    4352.801    4358.476       662.3       662.3     14058.5     14058.5
    4358.476    4362.952       524.6       524.6     14583.1     14583.1
    4362.952    4367.901       451.6       451.6     15034.7     15034.7
    4367.901    4371.568       525.2       525.2     15559.9     15559.9
    4371.568    4376.359      1019.6      1019.6     16579.5     16579.5
    4376.359    4381.084       421.0       421.0     17000.5     17000.5
    4381.084    4385.712      1583.8      1583.8     18584.2     18584.2
    4385.712    4390.724       709.8       709.8     19294.0     19294.0
    4390.724    4395.228       713.1       713.1     20007.1     20007.1
    4395.228    4401.385       942.6       942.6     20949.7     20949.7
    4401.385    4407.265      1056.2      1056.2     22005.9     22005.9
    4407.265    4411.943       789.5       789.5     22795.5     22795.5
    4411.943    4417.273      1137.4      1137.4     23932.9     23932.9
    4417.273    4422.451       561.6       561.6     24494.5     24494.5
    4422.451    4427.483       998.9       998.9     25493.3     25493.3
    4427.483    4432.154       746.2       746.2     26239.6     26239.6
    4432.154    4436.921       986.1       986.1     27225.7     27225.7
    4436.921    4442.447       772.1       772.1     27997.7     27997.7
    4442.447    4447.802       994.4       994.4     28992.1     28992.1
    4447.802    4453.077       736.3       736.3     29728.5     29728.5
    4453.077    4457.659      1215.2      1215.2     30943.7     30943.7
    4457.659    4462.148      1215.7      1215.7     32159.4     32159.4
    4462.148    4466.852       729.1       729.1     32888.5     32888.5
    4466.852    4472.185       894.1       894.1     33782.6     33782.6
    4472.185    4477.276       484.9       484.9     34267.5     34267.5
    4477.276    4482.624       837.0       837.0     35104.5     35104.5
    4482.624    4488.114       521.9       521.9     35626.4     35626.4
    4488.114    4493.388       894.1       894.1     36520.6     36520.6
    4493.388    4498.533       777.6       777.6     37298.2     37298.2
    4498.533    4504.899       621.2       621.2     37919.4     37919.4
    4504.899    4510.880       263.1       263.1     38182.6     38182.6
    4510.880    4516.075       438.3       438.3     38620.9     38620.9
    4516.075    4522.370       539.4       539.4     39160.2     39160.2
    4522.370    4527.305       925.4       925.4     40085.7     40085.7
    4527.305    4532.488       908.0       908.0     40993.6     40993.6
    4532.488    4538.002       964.4       964.4     41958.0     41958.0
    4538.002    4542.616       486.5       486.5     42444.5     42444.5
    4542.616    4548.346       752.8       752.8     43197.2     43197.2
    4548.346    4554.029       728.0       728.0     43925.3     43925.3
    4554.029    4559.412       747.8       747.8     44673.1     44673.1
    4559.412    4565.120       444.0       444.0     45117.1     45117.1
    4565.120    4571.348       596.2       596.2     45713.3     45713.3
    4571.348    4577.568       561.1       561.1     46274.4     46274.4
    4577.568    4582.264       595.3       595.3     46869.6     46869.6
    4582.264    4587.981       750.7       750.7     47620.3     47620.3
    4587.981    4594.194       689.4       689.4     48309.7     48309.7
    4594.194    4599.656       539.9       539.9     48849.6     48849.6
    4599.656    4605.358       800.2       800.2     49649.8     49649.8
    4605.358    4612.018       471.0       471.0     50120.8     50120.8
    4612.018    4618.518       523.3       523.3     50644.1     50644.1
    4618.518    4625.175       613.9       613.9     51258.0     51258.0
    4625.175    4630.557       513.5       513.5     51771.5     51771.5
    4630.557    4636.741       483.5       483.5     52255.0     52255.0
    4636.741    4643.250       465.3       465.3     52720.2     52720.2
    4643.250    4649.885       628.3       628.3     53348.5     53348.5
    4649.885    4656.772       656.4       656.4     54004.9     54004.9
    4656.772    4663.733       404.2       404.2     54409.2     54409.2
    4663.733    4668.984       702.9       702.9     55112.0     55112.0
    4668.984    4675.986       616.0       616.0     55728.0     55728.0
    4675.986    4682.348       468.8       468.8     56196.9     56196.9
    4682.348    4689.294       396.7       396.7     56593.6     56593.6
    4689.294    4696.909       368.5       368.5     56962.1     56962.1
    4696.909    4703.173       811.7       811.7     57773.9     57773.9
    4703.173    4709.497       759.2       759.2     58533.0     58533.0
    4709.497    4716.245       574.3       574.3     59107.3     59107.3
    4716.245    4722.628       365.9       365.9     59473.3     59473.3
    4722.628    4728.628       435.4       435.4     59908.6     59908.6
    4728.628    4734.977       723.0       723.0     60631.6     60631.6
    4734.977    4741.094       656.1       656.1     61287.7     61287.7
    4741.094    4747.406       479.0       479.0     61766.7     61766.7
    4747.406    4754.040       373.4       373.4     62140.1     62140.1
    4754.040    4760.119       498.0       498.0     62638.2     62638.2
    4760.119    4766.364       638.7       638.7     63276.8     63276.8
    4766.364    4773.278       535.8       535.8     63812.6     63812.6
    4773.278    4780.445       332.6       332.6     64145.3     64145.3
    4780.445    4787.233       477.7       477.7     64623.0     64623.0
    4787.233    4792.998       556.3       556.3     65179.3     65179.3
    4792.998    4799.944       273.0       273.0     65452.3     65452.3
    4799.944    4807.050       500.9       500.9     65953.2     65953.2
    4807.050    4813.871       447.4       447.4     66400.6     66400.6
    4813.871    4820.010       342.3       342.3     66742.9     66742.9
    4820.010    4826.750       476.4       476.4     67219.3     67219.3
    4826.750    4833.110       432.4       432.4     67651.8     67651.8
    4833.110    4839.998       516.5       516.5     68168.3     68168.3
    4839.998    4845.666       594.4       594.4     68762.6     68762.6
    4845.666    4851.641       679.3       679.3     69441.9     69441.9
    4851.641    4859.119      1337.8      1337.8     70779.7     70779.7
    4859.119    4866.180      2638.6      2638.6     73418.4     73418.4
    4866.180    4872.488      1313.5      1313.5     74731.9     74731.9
    4872.488    4879.342       851.1       851.1     75583.0     75583.0
    4879.342    4886.239       694.8       694.8     76277.8     76277.8
    4886.239    4891.976      1051.6      1051.6     77329.4     77329.4
    4891.976    4900.051       257.6       257.6     77587.0     77587.0
    4900.051    4907.303       440.4       440.4     78027.4     78027.4
    4907.303    4914.537       767.7       767.7     78795.2     78795.2
    4914.537    4921.727       911.1       911.1     79706.3     79706.3
    4921.727    4929.328       684.9       684.9     80391.2     80391.2
    4929.328    4936.657       524.4       524.4     80915.6     80915.6
    4936.657    4943.701       638.9       638.9     81554.5     81554.5
    4943.701    4950.544       442.7       442.7     81997.2     81997.2
    4950.544    4957.434       454.3       454.3     82451.5     82451.5
    4957.434    4965.276       541.9       541.9     82993.4     82993.4
    4965.276    4972.180       622.1       622.1     83615.5     83615.5
    4972.180    4978.772       500.4       500.4     84115.9     84115.9
    4978.772    4986.305      1292.1      1292.1     85408.1     85408.1
    4986.305    4991.987       428.9       428.9     85836.9     85836.9
    4991.987    4999.588       581.2       581.2     86418.1     86418.1
    4999.588    5006.841       992.9       992.9     87411.1     87411.1
    5006.841    5014.185       882.3       882.3     88293.4     88293.4
    5014.185    5020.015       866.8       866.8     89160.1     89160.1
    5020.015    5026.725       668.1       668.1     89828.3     89828.3
    5026.725    5033.125       681.3       681.3     90509.6     90509.6
    5033.125    5040.212       757.9       757.9     91267.5     91267.5
    5040.212    5047.290       764.6       764.6     92032.1     92032.1
    5047.290    5054.642       734.4       734.4     92766.5     92766.5
    5054.642    5062.918       227.3       227.3     92993.8     92993.8
    5062.918    5069.734       653.3       653.3     93647.1     93647.1
    5069.734    5077.282       599.6       599.6     94246.7     94246.7
    5077.282    5085.315      1150.2      1150.2     95396.8     95396.8
    5085.315    5091.541       480.6       480.6     95877.4     95877.4
    5091.541    5098.628       372.6       372.6     96250.0     96250.0
    5098.628    5105.537       626.6       626.6     96876.6     96876.6
    5105.537    5112.927       620.3       620.3     97496.8     97496.8
    5112.927    5120.658       282.5       282.5     97779.3     97779.3
    5120.658    5126.878       722.4       722.4     98501.7     98501.7
    5126.878    5135.230       685.2       685.2     99186.9     99186.9
    5135.230    5143.485      1089.6      1089.6    100276.5    100276.5
    5143.485    5150.340       647.1       647.1    100923.6    100923.6
    5150.340    5157.995       680.0       680.0    101603.5    101603.5
    5157.995    5165.142       429.6       429.6    102033.2    102033.2
    5165.142    5172.285      2116.2      2116.2    104149.4    104149.4
    5172.285    5180.116      1383.6      1383.6    105533.0    105533.0
    5180.116    5188.060      1954.7      1954.7    107487.7    107487.7
    5188.060    5195.187      1018.0      1018.0    108505.8    108505.8
    5195.187    5203.208       902.3       902.3    109408.1    109408.1
    5203.208    5210.850      1082.4      1082.4    110490.5    110490.5
    5210.850    5217.932       651.2       651.2    111141.7    111141.7
    5217.932    5224.951       423.7       423.7    111565.4    111565.4
    5224.951    5231.991       991.1       991.1    112556.5    112556.5
    5231.991    5239.342       775.7       775.7    113332.2    113332.2
    5239.342    5247.383       583.9       583.9    113916.2    113916.2
    5247.383    5254.963       541.7       541.7    114457.8    114457.8
    5254.963    5262.461       850.8       850.8    115308.6    115308.6
    5262.461    5268.615      1143.4      1143.4    116452.1    116452.1
    5268.615    5275.937      1248.7      1248.7    117700.8    117700.8
    5275.937    5283.121       500.3       500.3    118201.1    118201.1
    5283.121    5290.617       478.1       478.1    118679.2    118679.2
    5290.617    5298.147       441.6       441.6    119120.8    119120.8
    5298.147    5304.893       535.1       535.1    119655.9    119655.9
    5304.893    5313.258       248.7       248.7    119904.6    119904.6
    5313.258    5321.089       520.9       520.9    120425.5    120425.5
    5321.089    5328.208       820.1       820.1    121245.5    121245.5
    5328.208    5335.067       978.5       978.5    122224.0    122224.0
    5335.067    5343.378       825.6       825.6    123049.6    123049.6
    5343.378    5350.415       568.4       568.4    123618.0    123618.0
    5350.415    5359.102       261.9       261.9    123879.9    123879.9
    5359.102    5367.912       532.1       532.1    124412.0    124412.0
    5367.912    5376.453       637.2       637.2    125049.2    125049.2
    5376.453    5385.051       471.1       471.1    125520.2    125520.2
    5385.051    5392.161       389.1       389.1    125909.3    125909.3
    5392.161    5400.502       722.3       722.3    126631.7    126631.7
    5400.502    5407.951       955.9       955.9    127587.6    127587.6
    5407.951    5415.892       758.0       758.0    128345.6    128345.6
    5415.892    5424.811       565.8       565.8    128911.4    128911.4
    5424.811    5432.454       481.2       481.2    129392.5    129392.5
    5432.454    5440.893       502.2       502.2    129894.7    129894.7
    5440.893    5447.806       472.7       472.7    130367.3    130367.3
    5447.806    5455.879       483.7       483.7    130851.0    130851.0
    5455.879    5464.652       373.1       373.1    131224.1    131224.1
    5464.652    5472.710       253.8       253.8    131477.9    131477.9
    5472.710    5481.038       677.0       677.0    132154.9    132154.9
    5481.038    5488.916       520.7       520.7    132675.6    132675.6
    5488.916    5497.126       487.7       487.7    133163.4    133163.4
    5497.126    5505.866       472.6       472.6    133636.0    133636.0
    5505.866    5513.296       566.4       566.4    134202.4    134202.4
    5513.296    5522.154       340.4       340.4    134542.7    134542.7
    5522.154    5531.148       645.4       645.4    135188.2    135188.2
    5531.148    5539.220       329.8       329.8    135518.0    135518.0
    5539.220    5546.872       222.7       222.7    135740.7    135740.7
    5546.872    5554.600       253.7       253.7    135994.4    135994.4
    5554.600    5562.795       440.9       440.9    136435.4    136435.4
    5562.795    5571.459       532.6       532.6    136968.0    136968.0
    5571.459    5580.210       493.5       493.5    137461.5    137461.5
    5580.210    5588.652       586.3       586.3    138047.8    138047.8
    5588.652    5597.896       645.7       645.7    138693.5    138693.5
    5597.896    5606.803       620.6       620.6    139314.0    139314.0
    5606.803    5615.996       444.4       444.4    139758.4    139758.4
    5615.996    5624.569       304.6       304.6    140063.0    140063.0
    5624.569    5634.251       262.5       262.5    140325.5    140325.5
    5634.251    5642.749       457.6       457.6    140783.1    140783.1
    5642.749    5651.830       270.5       270.5    141053.6    141053.6
    5651.830    5660.591       894.8       894.8    141948.4    141948.4
    5660.591    5669.640       715.0       715.0    142663.4    142663.4
    5669.640    5679.229       346.1       346.1    143009.5    143009.5
    5679.229    5689.180       649.8       649.8    143659.3    143659.3
    5689.180    5699.127       269.8       269.8    143929.1    143929.1
    5699.127    5707.176       464.7       464.7    144393.8    144393.8
    5707.176    5715.803       705.4       705.4    145099.2    145099.2
    5715.803    5725.453       190.7       190.7    145289.9    145289.9
    5725.453    5735.722       142.2       142.2    145432.1    145432.1
    5735.722    5744.885       125.8       125.8    145558.0    145558.0
    5744.885    5753.623       363.8       363.8    145921.8    145921.8
    5753.623    5762.984       347.3       347.3    146269.1    146269.2
    5762.984    5772.970       189.1       189.1    146458.2    146458.2
    5772.970    5781.305       219.4       219.4    146677.6    146677.6
    5781.305    5789.561       405.8       405.8    147083.4    147083.4
    5789.561    5797.921       246.4       246.4    147329.8    147329.8
    5797.921    5807.312       242.6       242.6    147572.4    147572.4
    5807.312    5816.064       167.8       167.8    147740.2    147740.2
    5816.064    5826.054       102.8       102.8    147843.0    147843.0
    5826.054    5835.530       134.4       134.4    147977.4    147977.4
    5835.530    5845.296        54.4        54.4    148031.8    148031.8
    5845.296    5854.792       246.4       246.4    148278.2    148278.2
    5854.792    5865.107       468.1       468.1    148746.3    148746.3
    5865.107    5875.376       183.3       183.3    148929.6    148929.6
    5875.376    5884.124       137.1       137.1    149066.8    149066.8
    5884.124    5893.432       904.3       904.3    149971.1    149971.1
    5893.432    5904.075       631.4       631.4    150602.4    150602.4
    5904.075    5913.780       127.6       127.6    150730.1    150730.1
    5913.780    5923.191       260.2       260.2    150990.3    150990.3
    5923.191    5933.021       198.8       198.8    151189.0    151189.0
    5933.021    5942.887       138.1       138.1    151327.1    151327.1
    5942.887    5952.889       217.2       217.2    151544.3    151544.3
    5952.889    5963.146       115.4       115.4    151659.7    151659.7
    5963.146    5972.713        55.4        55.4    151715.1    151715.1
    5972.713    5982.772       211.9       211.9    151927.0    151927.0
    5982.772    5992.466       236.2       236.2    152163.1    152163.1
    5992.466    6001.121        94.7        94.7    152257.8    152257.9
    6001.121    6010.985       308.2       308.2    152566.1    152566.1
    6010.985    6020.489       334.4       334.4    152900.5    152900.5
    6020.489    6031.270       364.1       364.1    153264.6    153264.6
    6031.270    6041.650        42.3        42.3    153306.9    153306.9
    6041.650    6051.275        44.2        44.2    153351.1    153351.1
    6051.275    6062.409       144.4       144.4    153495.4    153495.4
    6062.409    6072.446       184.0       184.0    153679.4    153679.4
    6072.446    6082.891       186.5       186.5    153866.0    153866.0
    6082.891    6092.578       230.4       230.4    154096.3    154096.3
    6092.578    6102.262       185.7       185.7    154282.0    154282.1
    6102.262    6112.037       421.6       421.6    154703.7    154703.7
    6112.037    6121.804       170.1       170.1    154873.8    154873.8
    6121.804    6131.958       610.9       610.9    155484.7    155484.7
    6131.958    6142.204       583.2       583.2    156067.8    156067.8
    6142.204    6152.478       399.6       399.6    156467.4    156467.4
    6152.478    6161.407       441.1       441.1    156908.5    156908.5
    6161.407    6171.753       895.6       895.6    157804.2    157804.2
    6171.753    6181.574       299.7       299.7    158103.9    158103.9
    6181.574    6193.102       323.5       323.5    158427.4    158427.4
    6193.102    6203.931       146.0       146.0    158573.4    158573.4
    6203.931    6215.193       227.1       227.1    158800.5    158800.5
    6215.193    6225.544       296.2       296.2    159096.6    159096.6
    6225.544    6236.569       369.7       369.7    159466.3    159466.3
    6236.569    6247.311       820.4       820.4    160286.7    160286.7
    6247.311    6257.381       521.8       521.8    160808.5    160808.6
    6257.381    6267.577       331.7       331.7    161140.2    161140.2
    6267.577    6278.079       129.0       129.0    161269.2    161269.2
    6278.079    6289.727       252.2       252.2    161521.4    161521.4
    6289.727    6300.698       237.3       237.3    161758.8    161758.8
    6300.698    6310.626       458.3       458.3    162217.0    162217.0
    6310.626    6321.163       748.6       748.6    162965.6    162965.6
    6321.163    6332.262       223.3       223.3    163188.9    163188.9
    6332.262    6343.717       515.5       515.5    163704.4    163704.5
    6343.717    6355.211       335.6       335.6    164040.0    164040.1
    6355.211    6365.754       556.5       556.5    164596.6    164596.6
    6365.754    6377.232       156.3       156.3    164752.9    164752.9
    6377.232    6388.085       165.7       165.7    164918.6    164918.6
    6388.085    6399.482       187.5       187.5    165106.1    165106.1
    6399.482    6411.220       398.0       398.0    165504.0    165504.1
    6411.220    6421.809       531.1       531.1    166035.1    166035.1
    6421.809    6433.457       249.3       249.3    166284.5    166284.5
    6433.457    6445.332       291.6       291.6    166576.0    166576.1
    6445.332    6456.383       327.4       327.4    166903.5    166903.5
    6456.383    6467.282       414.3       414.3    167317.7    167317.8
    6467.282    6478.936       258.1       258.1    167575.8    167575.8
    6478.936    6491.351       139.4       139.4    167715.2    167715.2
    6491.351    6502.360       822.8       822.8    168538.0    168538.0
    6502.360    6513.756       152.1       152.1    168690.1    168690.2
    6513.756    6524.931       197.3       197.3    168887.4    168887.4
    6524.931    6536.694       199.2       199.2    169086.7    169086.7
    6536.694    6548.379       391.0       391.0    169477.7    169477.7
    6548.379    6559.763       804.6       804.6    170282.3    170282.3
    6559.763    6571.935      2309.1      2309.1    172591.5    172591.5
    6571.935    6583.588       420.3       420.3    173011.7    173011.7
    6583.588    6595.323       410.6       410.6    173422.3    173422.3
    6595.323    6606.622       241.6       241.6    173663.9    173663.9
    6606.622    6618.570       164.3       164.3    173828.2    173828.2
    6618.570    6630.715        73.6        73.6    173901.8    173901.8
    6630.715    6642.196       229.8       229.8    174131.6    174131.6
    6642.196    6653.618       139.5       139.5    174271.2    174271.2
    6653.618    6665.593       223.2       223.2    174494.4    174494.4
    6665.593    6677.247        60.0        60.0    174554.4    174554.4
    6677.247    6688.147       206.0       206.0    174760.4    174760.4
    6688.147    6700.000       138.2       138.2    174898.6    174898.6
